406 2
406 3
406 4
406 5
405 6
404 7
403 8
403 9
402 10
402 11
401 12
400 13
399 14
398 15
397 16
396 17
395 18
394 19
394 20
393 21
392 22
391 23
391 24
390 25
389 26
388 27
387 28
386 29
386 30
385 31
384 31
383 32
382 33
381 34
380 35
379 36
378 37
378 38
378 39
377 40
376 40
375 41
374 41
373 41
372 40
371 41
370 41
369 41
368 41
367 42
366 43
365 44
364 45
363 45
362 46
361 47
360 48
359 49
359 50
358 51
358 52
357 53
356 54
355 55
354 56
353 57
352 57
351 58
350 59
349 60
348 60
347 59
346 59
345 60
344 60
343 59
342 59
341 60
340 60
339 60
338 60
337 61
336 62
335 63
334 63
333 64
333 65
332 66
332 67
332 68
331 69
330 70
330 71
330 72
330 73
329 74
328 75
327 76
326 76
325 77
325 78
325 79
325 80
324 81
323 82
322 83
322 84
321 85
322 86
321 87
320 87
319 87
318 88
317 89
316 90
315 91
315 92
315 93
315 94
316 95
317 96
316 97
315 98
315 99
315 100
315 101
316 102
317 103
318 104
318 105
317 106
317 107
317 108
316 109
316 110
315 111
314 112
313 112
312 113
311 113
310 113
309 114
308 115
307 116
306 117
305 117
304 117
303 118
302 119
302 120
301 121
300 122
299 123
299 124
299 125
298 126
298 127
297 128
297 129
296 130
295 130
294 130
293 131
292 132
291 133
290 134
289 135
289 136
289 137
288 138
287 139
286 140
286 141
286 142
285 143
285 144
284 145
284 146
284 147
284 148
283 149
283 150
282 151
282 152
282 153
281 154
280 154
279 153
278 152
277 151
276 152
275 153
274 153
273 153
273 154
273 155
272 156
272 157
271 158
270 159
269 160
268 159
267 159
266 160
265 160
264 159
263 160
262 161
261 161
260 162
260 163
259 164
259 165
259 166
259 167
258 168
259 169
258 170
259 171
258 172
259 173
259 174
259 175
258 176
258 177
258 178
257 179
257 180
258 181
258 182
259 183
259 184
259 185
259 186
258 187
258 188
258 189
258 190
258 191
258 192
257 193
256 194
255 195
254 196
253 196
252 197
252 198
251 199
251 200
251 201
250 202
250 203
249 204
250 205
249 206
248 207
248 208
248 209
248 210
248 211
248 212
248 213
248 214
248 215
248 216
248 217
249 218
249 219
249 220
248 221
248 222
248 223
248 224
249 225
249 226
250 227
251 228
252 229
252 230
252 231
253 232
253 233
254 234
255 235
255 236
256 237
256 238
257 239
257 240
257 241
258 242
259 243
260 243
261 244
262 244
263 245
264 245
265 246
266 246
267 246
268 246
269 246
270 247
271 247
272 246
273 245
274 245
275 245
276 245
277 245
278 244
279 244
280 244
281 244
282 244
283 244
284 244
285 243
286 243
287 243
288 243
289 244
290 244
291 244
292 244
293 243
294 242
295 242
296 241
297 240
298 239
299 239
300 239
301 239
302 239
303 239
304 238
305 237
306 237
307 238
308 238
309 238
310 238
311 238
312 238
313 237
314 238
315 237
316 237
317 238
318 238
319 238
320 239
321 240
321 241
322 242
323 243
324 243
325 243
326 244
327 245
328 246
329 246
330 246
331 246
332 246
333 246
334 247
335 247
336 246
337 246
338 246
339 246
340 246
341 246
342 247
343 247
344 248
345 249
345 250
345 251
346 252
347 253
347 254
347 255
347 256
347 257
346 258
345 259
346 260
345 261
345 262
345 263
346 264
345 265
345 266
345 267
344 268
343 269
343 270
343 271
344 272
345 273
346 274
346 275
346 276
345 277
345 278
345 279
345 280
345 281
345 282
345 283
345 284
344 285
343 286
343 287
343 288
343 289
344 290
344 291
345 292
345 293
345 294
346 295
346 296
346 297
345 298
344 299
344 300
345 301
346 301
347 302
348 301
349 301
350 301
351 302
351 303
351 304
352 305
353 306
354 306
355 307
356 308
357 309
358 308
359 307
360 306
361 305
360 304
361 303
361 302
362 301
363 300
363 299
362 298
361 297
361 296
361 295
362 294
362 293
362 292
362 291
362 290
362 289
362 288
363 287
364 286
364 285
365 284
365 283
366 282
367 281
368 280
369 279
370 278
371 277
372 277
373 277
374 276
375 275
376 275
377 275
378 275
379 274
380 275
381 274
382 273
383 273
384 272
385 272
386 272
387 271
388 271
389 270
390 270
391 269
392 268
393 268
394 268
395 268
396 268
397 268
398 267
399 267
400 267
401 267
402 266
403 266
404 265
405 264
406 265
407 265
408 265
409 264
410 265
411 265
412 265
413 265
414 264
415 264
415 264
415 264
416 263
417 263
418 263
419 263
420 263
421 262
422 263
423 262
424 261
425 261
426 261
427 261
428 261
429 261
430 261
431 262
431 263
432 264
433 265
434 264
435 264
436 264
437 264
438 264
439 264
440 264
441 264
442 263
443 262
444 261
445 261
446 261
447 261
448 262
449 262
450 262
451 262
452 262
453 262
454 262
455 261
456 261
457 261
458 262
459 261
460 261
461 261
462 260
463 260
464 260
465 259
466 258
467 258
468 258
469 257
470 257
471 257
472 256
473 255
474 255
475 254
476 255
477 254
478 253
479 252
480 251
481 250
482 249
483 248
484 247
485 246
486 245
487 244
488 243
489 242
490 242
491 241
492 240
493 240
494 239
495 238
496 238
497 237
498 236
499 235
500 234
501 233
502 232
503 231
504 231
505 231
506 231
507 232
508 231
508 230
509 229
510 228
510 227
511 226
512 225
512 224
512 223
513 222
513 221
514 220
514 219
515 218
516 217
517 216
518 215
519 215
520 215
521 214
522 214
523 213
524 212
525 211
525 210
526 209
527 208
528 208
529 207
530 206
530 205
531 204
532 203
533 204
534 204
535 204
536 203
537 202
538 202
539 203
540 202
541 201
542 200
543 199
544 198
544 197
544 196
544 195
545 194
545 193
546 192
546 191
547 190
547 189
548 188
549 187
550 187
551 187
552 187
553 186
554 185
554 184
555 183
556 182
557 182
558 181
559 180
560 179
561 178
562 177
563 177
564 176
565 175
565 174
566 173
567 172
567 171
568 170
569 170
570 170
571 170
572 169
573 168
574 168
575 167
576 166
576 165
577 164
578 163
579 162
580 162
581 162
582 161
583 161
584 161
585 162
586 163
587 163
588 163
589 162
590 162
591 163
591 164
591 165
592 166
593 167
594 168
593 169
593 170
593 171
593 172
592 173
593 174
594 175
595 176
596 177
597 178
598 179
599 180
600 181
601 182
602 183
603 184
604 185
605 186
606 186
607 187
608 186
609 185
610 185
611 184
612 184
613 184
614 183
615 183
616 182
617 182
618 182
619 181
620 180
621 179
622 178
623 178
624 177
625 176
626 175
627 175
628 174
629 173
630 173
631 172
632 172
633 172
634 171
635 171
636 170
637 171
638 171
639 171
640 171
641 171
642 170
643 169
644 168
645 168
646 167
647 166
648 165
649 165
650 165
651 164
652 163
653 162
654 161
655 161
656 161
657 161
658 161
659 162
660 162
661 162
662 162
663 161
664 160
665 159
666 159
667 158
668 157
669 157
670 157
671 156
672 156
673 156
674 156
675 155
676 155
677 155
678 155
679 155
680 154
681 153
682 152
683 151
684 151
685 150
686 148
687 148
688 147
689 146
690 146
691 145
692 144
693 144
694 144
695 143
696 143
697 142
698 141
699 141
700 141
701 141
702 141
703 141
704 140
705 140
706 140
707 141
708 140
709 140
710 140
711 141
712 141
713 140
714 139
715 138
716 137
717 136
718 135
719 134
720 133
721 132
722 132
723 131
724 130
725 129
726 128
727 127
728 127
729 126
730 125
731 125
732 124
733 124
734 124
735 124
736 124
737 124
738 124
739 124
740 125
741 126
742 126
743 126
744 126
745 125
746 126
747 126
748 126
749 125
750 126
751 126
752 126
753 126
754 125
755 126
756 126
757 126
758 125
759 125
760 124
761 125
762 125
763 124
764 123
765 122
766 123
767 123
768 122
769 121
770 120
771 119
772 119
773 119
774 120
775 120
776 121
777 122
778 122
779 123
780 123
781 123
782 123
783 123
784 124
785 124
786 125
787 125
788 126
789 126
790 127
791 127
792 127
793 127
794 127
795 128
796 128
797 128
798 129
799 130
800 130
801 131
802 130
803 130
804 131
805 132
806 131
807 131
808 130
809 130
810 131
811 132
812 131
813 131
814 131
815 132
815 133
816 134
817 135
818 134
819 134
820 133
821 132
822 131
822 130
822 129
822 128
823 127
824 126
825 125
826 125
827 124
828 123
828 122
829 121
830 120
831 120
832 120
833 119
834 118
835 118
836 118
837 117
837 116
838 115
838 114
839 113
838 112
838 111
839 110
839 109
840 108
840 107
841 106
841 105
842 104
842 103
842 102
843 101
843 100
843 99
844 98
844 97
844 96
845 95
846 94
846 93
847 92
847 91
848 90
849 89
849 88
850 87
851 87
852 87
853 86
854 87
855 87
856 86
857 85
858 84
859 83
859 82
858 81
858 80
858 79
858 78
859 77
859 76
860 75
861 74
862 73
863 73
864 72
864 71
864 70
865 69
866 68
867 67
868 67
869 66
870 65
871 65
872 64
873 63
874 62
875 62
876 62
877 62
878 61
879 60
880 60
881 60
882 60
883 61
884 61
885 60
885 59
886 58
886 57
887 56
887 55
888 54
889 53
890 52
891 51
892 50
892 49
893 48
893 47
894 46
895 45
895 44
896 43
896 42
897 42

