   6.6167293e+01   2.6049338e+02
   6.6167246e+01   2.6049335e+02
   6.6167030e+01   2.6049322e+02
   6.6166809e+01   2.6049309e+02
   6.6166584e+01   2.6049295e+02
   6.6166353e+01   2.6049281e+02
   6.6166270e+01   2.6049276e+02
   6.6166026e+01   2.6049262e+02
   6.6165928e+01   2.6049256e+02
   6.6165823e+01   2.6049249e+02
   6.6165712e+01   2.6049243e+02
   6.5500247e+01   2.6009315e+02
   6.5500212e+01   2.6009313e+02
   6.5500173e+01   2.6009310e+02
   6.5333537e+01   2.5999312e+02
   6.5500088e+01   2.6009305e+02
   6.5333606e+01   2.5999316e+02
   6.5000649e+01   2.5979339e+02
   6.4500915e+01   2.5946025e+02
   6.5000438e+01   2.5979326e+02
   6.5000393e+01   2.5979324e+02
   6.5000345e+01   2.5979321e+02
   6.4500322e+01   2.5945987e+02
   6.4498883e+01   2.5945894e+02
   6.4499938e+01   2.5945962e+02
   6.4499718e+01   2.5945948e+02
   6.4499477e+01   2.5945933e+02
   6.4499214e+01   2.5945916e+02
   6.3999581e+01   2.5915934e+02
   6.3999521e+01   2.5915930e+02
   6.3499980e+01   2.5882592e+02
   6.3999152e+01   2.5915904e+02
   6.3999567e+01   2.5915933e+02
   6.4000102e+01   2.5915971e+02
   6.4999789e+01   2.5979287e+02
   6.5000274e+01   2.5979316e+02
   6.5000116e+01   2.5979307e+02
   6.4999935e+01   2.5979296e+02
   6.4999726e+01   2.5979284e+02
   6.4999485e+01   2.5979269e+02
   6.4999205e+01   2.5979252e+02
   6.4998881e+01   2.5979233e+02
   6.4500190e+01   2.5949311e+02
   6.4998606e+01   2.5979216e+02
   6.4998109e+01   2.5979187e+02
   6.4500279e+01   2.5949317e+02
   6.4499959e+01   2.5949298e+02
   6.4499563e+01   2.5949274e+02
   6.4002399e+01   2.5916134e+02
   6.4002453e+01   2.5916139e+02
   6.4000735e+01   2.5916019e+02
   6.4002534e+01   2.5916147e+02
   6.4497385e+01   2.5949143e+02
   6.4502425e+01   2.5949445e+02
   6.4986211e+01   2.5978473e+02
   6.4982483e+01   2.5978249e+02
   6.4969919e+01   2.5977495e+02
   6.4955428e+01   2.5976626e+02
   6.4918071e+01   2.5974384e+02
   6.4622212e+01   2.5976982e+02
   6.4579366e+01   2.5978635e+02
   6.4485355e+01   2.5993786e+02
   6.4105748e+01   2.6018130e+02
   6.3751269e+01   2.6045261e+02
   6.3609631e+01   2.6099611e+02
   6.3419163e+01   2.6101507e+02
   6.3159737e+01   2.6157233e+02
   6.2621781e+01   2.6181597e+02
   6.2268828e+01   2.6223932e+02
   6.2080488e+01   2.6223444e+02
   6.1936681e+01   2.6224504e+02
   6.1830004e+01   2.6228097e+02
   6.1387032e+01   2.6292978e+02
   6.1204241e+01   2.6285992e+02
   6.0796333e+01   2.6344012e+02
   6.0746351e+01   2.6361599e+02
   6.0250223e+01   2.6393033e+02
   6.0115461e+01   2.6392285e+02
   6.0017176e+01   2.6394731e+02
   5.9841714e+01   2.6421210e+02
   5.9227836e+01   2.6482914e+02
   5.9152107e+01   2.6537921e+02
   5.8744243e+01   2.6515615e+02
   5.8585527e+01   2.6534540e+02
   5.8375948e+01   2.6521283e+02
   5.8087812e+01   2.6578966e+02
   5.7971401e+01   2.6585136e+02
   5.7836387e+01   2.6675167e+02
   5.7398575e+01   2.6728071e+02
   5.7212224e+01   2.6752053e+02
   5.6988758e+01   2.6767941e+02
   5.6449861e+01   2.6812839e+02
   5.6199036e+01   2.6783730e+02
   5.5962393e+01   2.6774006e+02
   5.5895073e+01   2.6864870e+02
   5.5374368e+01   2.6899879e+02
   5.5157888e+01   2.6840417e+02
   5.5069800e+01   2.6929538e+02
   5.4630646e+01   2.6888393e+02
   5.4369587e+01   2.6833320e+02
   5.3800435e+01   2.6718556e+02
   5.3615840e+01   2.6729903e+02
   5.3416727e+01   2.6745010e+02
   5.2996879e+01   2.6831515e+02
   5.2821808e+01   2.6862590e+02
   5.2293842e+01   2.6861366e+02
   5.2108588e+01   2.6934034e+02
   5.2005370e+01   2.6954228e+02
   5.1692382e+01   2.7049217e+02
   5.1561972e+01   2.7178863e+02
   5.1431721e+01   2.7182308e+02
   5.0885171e+01   2.7224309e+02
   5.0859394e+01   2.7228956e+02
   5.0463694e+01   2.7333213e+02
   5.0310106e+01   2.7346742e+02
   5.0212384e+01   2.7474592e+02
   5.0003787e+01   2.7548010e+02
   4.9794218e+01   2.7587177e+02
   4.9616610e+01   2.7729183e+02
   4.9340937e+01   2.7679138e+02
   4.9221785e+01   2.7773898e+02
   4.8748570e+01   2.7775068e+02
   4.8648870e+01   2.7788589e+02
   4.8455960e+01   2.7805526e+02
   4.8167494e+01   2.7872520e+02
   4.8084265e+01   2.8038549e+02
   4.7703342e+01   2.7952341e+02
   4.7711832e+01   2.8079998e+02
   4.7293051e+01   2.8169593e+02
   4.7193506e+01   2.8199054e+02
   4.6748889e+01   2.8251521e+02
   4.6532589e+01   2.8314357e+02
   4.6397781e+01   2.8401573e+02
   4.6374458e+01   2.8446844e+02
   4.6244111e+01   2.8530938e+02
   4.6065333e+01   2.8543325e+02
   4.5501896e+01   2.8485977e+02
   4.5475811e+01   2.8640824e+02
   4.5417556e+01   2.8749854e+02
   4.5408467e+01   2.8779327e+02
   4.4602802e+01   2.8827579e+02
   4.4579496e+01   2.8877911e+02
   4.4371388e+01   2.8901570e+02
   4.4363077e+01   2.9032117e+02
   4.3577915e+01   2.9051066e+02
   4.3489945e+01   2.9075133e+02
   4.3356323e+01   2.9091468e+02
   4.3056365e+01   2.9219516e+02
   4.2928543e+01   2.9254439e+02
   4.3551531e+01   2.9488065e+02
   4.4253848e+01   2.9607864e+02
   4.4886579e+01   2.9748951e+02
   4.4588190e+01   2.9831323e+02
   4.4488029e+01   2.9881547e+02
   4.4602610e+01   2.9958885e+02
   4.4034688e+01   3.0000988e+02
   4.4060992e+01   3.0029260e+02
   4.4838800e+01   3.0146507e+02
   4.5366770e+01   3.0320002e+02
   4.5433772e+01   3.0340122e+02
   4.5828971e+01   3.0429448e+02
   4.6732745e+01   3.0541308e+02
   4.6505136e+01   3.0621980e+02
   4.6516901e+01   3.0635141e+02
   4.6451817e+01   3.0699261e+02
   4.6372545e+01   3.0711625e+02
   4.6435344e+01   3.0748342e+02
   4.6030332e+01   3.0784726e+02
   4.6193024e+01   3.0845342e+02
   4.6874175e+01   3.0939361e+02
   4.7093726e+01   3.0993491e+02
   4.6961937e+01   3.1025734e+02
   4.6922901e+01   3.1052298e+02
   4.7336086e+01   3.1120506e+02
   4.7291798e+01   3.1147477e+02
   4.7345730e+01   3.1236323e+02
   4.7268094e+01   3.1279536e+02
   4.7349492e+01   3.1316117e+02
   4.7231024e+01   3.1372744e+02
   4.7430794e+01   3.1427531e+02
   4.7468358e+01   3.1501932e+02
   4.7411608e+01   3.1526122e+02
   4.7219093e+01   3.1581829e+02
   4.7214732e+01   3.1637703e+02
   4.6857076e+01   3.1663020e+02
   4.6719301e+01   3.1721106e+02
   4.6534090e+01   3.1752076e+02
   4.5652644e+01   3.1777399e+02
   4.5629536e+01   3.1803924e+02
   4.5724275e+01   3.1873459e+02
   4.5633815e+01   3.1909917e+02
   4.5955279e+01   3.1941056e+02
   4.5589596e+01   3.1997830e+02
   4.5778503e+01   3.2019871e+02
   4.5193274e+01   3.2063592e+02
   4.5869016e+01   3.2111527e+02
   4.5563430e+01   3.2180385e+02
   4.6150599e+01   3.2202534e+02
   4.6284721e+01   3.2243835e+02
   4.6336629e+01   3.2274686e+02
   4.6621844e+01   3.2327923e+02
   4.6601619e+01   3.2343920e+02
   4.7008792e+01   3.2371734e+02
   4.6562464e+01   3.2417638e+02
   4.7243719e+01   3.2466793e+02
   4.7262731e+01   3.2489828e+02
   4.7232773e+01   3.2506963e+02
   4.7406455e+01   3.2562176e+02
   4.7198813e+01   3.2618523e+02
   4.7325900e+01   3.2639531e+02
   4.7354178e+01   3.2645195e+02
   4.7587721e+01   3.2741658e+02
   4.7582266e+01   3.2766797e+02
   4.7578237e+01   3.2782714e+02
   4.7638077e+01   3.2858265e+02
   4.7665414e+01   3.2872069e+02
   4.7375261e+01   3.2926796e+02
   4.7408983e+01   3.2941245e+02
   4.7584574e+01   3.2997417e+02
   4.7724762e+01   3.3007116e+02
   4.8495370e+01   3.3048587e+02
   4.7778051e+01   3.3079297e+02
   4.7778051e+01   3.3079297e+02
   4.7778051e+01   3.3079297e+02
   4.7778218e+01   3.3151040e+02
   4.7627148e+01   3.3219997e+02
   4.7408013e+01   3.3257568e+02
   4.7300998e+01   3.3322388e+02
   4.7446718e+01   3.3454323e+02
   4.7554726e+01   3.3567441e+02
   4.7169246e+01   3.3536942e+02
   4.7095076e+01   3.3587148e+02
   4.7213669e+01   3.3677334e+02
   4.7318151e+01   3.3786943e+02
   4.7266312e+01   3.3802849e+02
   4.7027473e+01   3.3843084e+02
   4.6983318e+01   3.3867921e+02
   4.6860728e+01   3.3902269e+02
   4.6822812e+01   3.3933947e+02
   4.6679718e+01   3.3945832e+02
   4.6541924e+01   3.4007486e+02
   4.6449242e+01   3.4010705e+02
   4.6349800e+01   3.4031821e+02
   4.6554977e+01   3.4085847e+02
   4.5899849e+01   3.4082650e+02
   4.6222321e+01   3.4156027e+02
   4.5939824e+01   3.4160132e+02
   4.5142570e+01   3.4116931e+02
   4.5318465e+01   3.4192881e+02
   4.5158573e+01   3.4214276e+02
   4.5114365e+01   3.4232606e+02
   4.5073233e+01   3.4265797e+02
   4.4901198e+01   3.4292960e+02
   4.4734327e+01   3.4329627e+02
   4.4648702e+01   3.4367715e+02
   4.4637786e+01   3.4391580e+02
   4.4553991e+01   3.4437712e+02
   4.4542923e+01   3.4471861e+02
   4.4561347e+01   3.4518856e+02
   4.4582212e+01   3.4539458e+02
   4.4365857e+01   3.4598519e+02
   4.4377096e+01   3.4623347e+02
   4.4517538e+01   3.4672308e+02
   4.4540445e+01   3.4706974e+02
   4.4830985e+01   3.4726227e+02
   4.4891024e+01   3.4757513e+02
   4.5038148e+01   3.4800591e+02
   4.5092426e+01   3.4849492e+02
   4.5129299e+01   3.4921682e+02
   4.5018421e+01   3.4971143e+02
   4.5201718e+01   3.5014410e+02
   4.5177859e+01   3.5089643e+02
   4.5063422e+01   3.5149222e+02
   4.4981465e+01   3.5234923e+02
   4.5144606e+01   3.5275729e+02
   4.5445325e+01   3.5323202e+02
   4.5643503e+01   3.5368680e+02
   4.5805645e+01   3.5408551e+02
   4.5998516e+01   3.5459232e+02
   4.5689909e+01   3.5542249e+02
   4.5877461e+01   3.5578926e+02
   4.6045064e+01   3.5638420e+02
   4.6470913e+01   3.5666701e+02
   4.6538539e+01   3.5709629e+02
   4.6764696e+01   3.5788916e+02
   4.6981859e+01   3.5831103e+02
   4.7053409e+01   3.5874507e+02
   4.7257971e+01   3.5931661e+02
   4.7180883e+01   3.0424736e+02
   4.7761740e+01   4.2753609e-01
   4.7532168e+01   9.7395509e-01
   4.7882658e+01   1.5465031e+00
   4.8420807e+01   1.8722401e+00
   4.8666690e+01   2.4263479e+00
   4.8925971e+01   2.9718011e+00
   4.9495554e+01   3.3609226e+00
   5.0021616e+01   3.6686259e+00
   5.0021616e+01   3.6686259e+00
   4.9121159e+01   4.2989959e+00
   5.0238446e+01   6.1359071e+00
   5.1374416e+01   8.2395688e+00
   5.2664247e+01   9.9145848e+00
   5.3790273e+01   1.1037962e+01
   5.4300179e+01   1.1634846e+01
   5.5698418e+01   1.3198714e+01
   5.5896531e+01   1.3047214e+01
   5.5927137e+01   1.2523153e+01
   5.6107795e+01   1.2389271e+01
   5.6509563e+01   1.2603207e+01
   5.6984717e+01   1.2926626e+01
   5.7368886e+01   1.4099689e+01
   5.7481589e+01   1.3457509e+01
   5.7735035e+01   1.3534205e+01
   5.7921099e+01   1.4158226e+01
   5.7894382e+01   1.4661818e+01
   5.8117397e+01   1.4648716e+01
   5.8215231e+01   1.4789162e+01
   5.8314710e+01   1.4931799e+01
   5.8347492e+01   1.5140142e+01
   5.8633591e+01   1.5294409e+01
   5.9015253e+01   1.5571694e+01
   5.8858935e+01   1.5836482e+01
   5.9235608e+01   1.6159881e+01
   5.9414151e+01   1.6404709e+01
   5.9568589e+01   1.6630635e+01
   5.9505017e+01   1.7071920e+01
   5.9930361e+01   1.7179759e+01
   6.0081151e+01   1.7336796e+01
   6.0290331e+01   1.7467859e+01
   6.0435598e+01   1.7646565e+01
   6.0897063e+01   1.7508006e+01
   6.1092170e+01   1.7669392e+01
   6.1312542e+01   1.7905532e+01
   6.1690396e+01   1.7762675e+01
   6.1938546e+01   1.7981223e+01
   6.2127421e+01   1.7921210e+01
   6.2514462e+01   1.7915871e+01
   6.2535214e+01   1.8578005e+01
   6.2774914e+01   1.8791297e+01
   6.2393930e+01   2.0015800e+01
   6.2579231e+01   2.0293456e+01
   6.2843570e+01   2.0459440e+01
   6.3244751e+01   2.0691346e+01
   6.3671530e+01   2.1037664e+01
   6.3898771e+01   2.1224247e+01
   6.4226911e+01   2.1427804e+01
   6.4453885e+01   2.1514995e+01
   6.5101214e+01   2.0969114e+01
   6.5314895e+01   2.1301905e+01
   6.5498604e+01   2.1452284e+01
   6.6110383e+01   2.1086333e+01
   6.6058054e+01   2.2033645e+01
   6.6378754e+01   2.1870775e+01
   6.6651548e+01   2.2617530e+01
   6.6951821e+01   2.2745721e+01
   6.7396374e+01   2.2841647e+01
   6.7649279e+01   2.3139332e+01
   6.8094252e+01   2.2663095e+01
   6.8422462e+01   2.3213152e+01
   6.8747653e+01   2.3034237e+01
   6.9003214e+01   2.2695996e+01
   6.9261867e+01   2.2677963e+01
   6.9784887e+01   2.3238673e+01
   6.9784887e+01   2.3238673e+01
   7.0120712e+01   2.3800441e+01
   6.9829406e+01   2.4333603e+01
   7.0403430e+01   2.4388185e+01
   7.0995705e+01   2.4385477e+01
   7.1397854e+01   2.4531430e+01
   7.1284493e+01   2.5375840e+01
   7.1503183e+01   2.5564624e+01
   7.2002767e+01   2.6098888e+01
   7.2085321e+01   2.6249738e+01
   7.2762498e+01   2.6398340e+01
   7.3125941e+01   2.6768209e+01
   7.3590690e+01   2.7244746e+01
   7.3776916e+01   2.7333983e+01
   7.4080935e+01   2.7285476e+01
   7.4221482e+01   2.7184794e+01
   7.4343798e+01   2.7069466e+01
   7.4651257e+01   2.7355343e+01
   7.4954593e+01   2.7332357e+01
   7.5136184e+01   2.7733620e+01
   7.5338618e+01   2.7929798e+01
   7.5489474e+01   2.8159658e+01
   7.5775408e+01   2.8244138e+01
   7.6012112e+01   2.8438671e+01
   7.6189337e+01   2.8560186e+01
   7.6440735e+01   2.8545924e+01
   7.6594669e+01   2.8473665e+01
   7.6803747e+01   2.8738955e+01
   7.7091542e+01   2.8929603e+01
   7.7372829e+01   2.9042842e+01
   7.7555984e+01   2.9073117e+01
   7.7818904e+01   2.9043167e+01
   7.7905525e+01   2.9240565e+01
   7.8246560e+01   2.9185800e+01
   7.8600247e+01   2.9363386e+01
   7.8619186e+01   2.9422369e+01
   7.8980851e+01   2.9481676e+01
   7.9270041e+01   2.9695399e+01
   7.9528632e+01   2.9655126e+01
   7.9822116e+01   2.9638159e+01
   7.9995451e+01   2.9714242e+01
   8.0283490e+01   2.9732905e+01
   8.0491948e+01   2.9808999e+01
   8.0844962e+01   2.9939874e+01
   8.1029376e+01   3.0018956e+01
   8.1332576e+01   3.0230129e+01
   8.1618005e+01   3.0206457e+01
   8.1774397e+01   3.0206984e+01
   8.1853279e+01   3.0195958e+01
   8.2258566e+01   3.0280418e+01
   8.2342609e+01   3.0235629e+01
   8.2670060e+01   3.0295700e+01
   8.2837566e+01   3.0454737e+01
   8.2967747e+01   3.0193520e+01
   8.3206716e+01   3.0443151e+01
   8.3532455e+01   3.0476637e+01
   8.3576752e+01   3.0423698e+01
   8.3776822e+01   3.0513088e+01
   8.4100426e+01   3.0569099e+01
   8.4173074e+01   3.0429922e+01
   8.4413411e+01   3.0516869e+01
   8.4493062e+01   3.0501250e+01
   8.4573141e+01   3.0562380e+01
   8.4811935e+01   3.0480731e+01
   8.4868032e+01   3.0478290e+01
   8.5165583e+01   3.0577102e+01
   8.5201300e+01   3.0577424e+01
   8.5514022e+01   3.0612620e+01
   8.5552936e+01   3.0615734e+01
   8.5552936e+01   3.0615734e+01
   8.5552936e+01   3.0615734e+01
   8.5748873e+01   3.0758629e+01
   8.5811368e+01   3.0756431e+01
   8.6065398e+01   3.0783618e+01
   8.6100849e+01   3.0792125e+01
   8.6157276e+01   3.0809807e+01
   8.6357405e+01   3.0869526e+01
   8.6559866e+01   3.0837250e+01
   8.6593491e+01   3.0848329e+01
   8.6676052e+01   3.0984505e+01
   8.6746225e+01   3.0983773e+01
   8.6947646e+01   3.1036168e+01
   8.6963682e+01   3.1048491e+01
   8.7167167e+01   3.1039001e+01
   8.7215306e+01   3.1056285e+01
   8.7258993e+01   3.1059481e+01
   8.7465588e+01   3.1138740e+01
   8.7494126e+01   3.1143430e+01
   8.7520160e+01   3.1160687e+01
   8.7744522e+01   3.1161008e+01
   8.7775584e+01   3.1167507e+01
   8.7959405e+01   3.1267082e+01
   8.7996455e+01   3.1266452e+01
   8.8023393e+01   3.1272554e+01
   8.8255405e+01   3.1291853e+01
   8.8285229e+01   3.1302933e+01
   8.8331199e+01   3.1308849e+01
   8.8465999e+01   3.1391514e+01
   8.8488010e+01   3.1386152e+01
   8.8648273e+01   3.1411369e+01
   8.8691977e+01   3.1433923e+01
   8.8749840e+01   3.1448282e+01
   8.8829137e+01   3.1456403e+01
   8.8977117e+01   3.1436270e+01
   8.9092603e+01   3.1471162e+01
   8.9165996e+01   3.1480726e+01
   8.9218872e+01   3.1496430e+01
   8.9258591e+01   3.1519201e+01
   8.9403323e+01   3.1539197e+01
   8.9516798e+01   3.1601782e+01
   8.9557723e+01   3.1616782e+01
   8.9612033e+01   3.1633007e+01
   8.9652416e+01   3.1655148e+01
   8.9817156e+01   3.1638664e+01
   8.9825771e+01   3.1656090e+01
   8.9967052e+01   3.1733477e+01
   9.0003013e+01   3.1736461e+01
   9.0030946e+01   3.1772848e+01
   9.0217676e+01   3.1777742e+01
   9.0244664e+01   3.1772089e+01
   9.0392409e+01   3.1861552e+01
   9.0442875e+01   3.1881466e+01
   9.0495191e+01   3.1898467e+01
   9.0625140e+01   3.1900448e+01
   9.0704404e+01   3.2013190e+01
   9.0787086e+01   3.1942367e+01
   9.0841747e+01   3.1945654e+01
   9.0891457e+01   3.2041050e+01
   9.1012847e+01   3.2052066e+01
   9.1090858e+01   3.2004034e+01
   9.1215861e+01   3.2053216e+01
   9.1256960e+01   3.2047891e+01
   9.1344324e+01   3.2109067e+01
   9.1349612e+01   3.2265325e+01
   9.1621361e+01   3.2380364e+01
   9.1665366e+01   3.2374160e+01
   9.1629663e+01   3.2277613e+01
   9.1737489e+01   3.2344864e+01
   9.1874565e+01   3.2374425e+01
   9.1888631e+01   3.2376614e+01
   9.1957873e+01   3.2422267e+01
   9.2080310e+01   3.2384366e+01
   9.2213570e+01   3.2404223e+01
   9.2278365e+01   3.2477422e+01
   9.2356536e+01   3.2497218e+01
   9.2386588e+01   3.2500814e+01
   9.2402780e+01   3.2455735e+01
   9.2538997e+01   3.2480302e+01
   9.2582716e+01   3.2509670e+01
   9.2683515e+01   3.2569591e+01
   9.2799646e+01   3.2584758e+01
   9.2774798e+01   3.2531373e+01
   9.2820332e+01   3.2587316e+01
   9.2884145e+01   3.2623279e+01
   9.3004258e+01   3.2630210e+01
   9.3097817e+01   3.2613841e+01
   9.3133617e+01   3.2608965e+01
   9.3200288e+01   3.2685225e+01
   9.3271266e+01   3.2639988e+01
   9.3327127e+01   3.2636974e+01
   9.3375682e+01   3.2624153e+01
   9.3442639e+01   3.2682046e+01
   9.3444132e+01   3.2611369e+01
   9.3514711e+01   3.2666801e+01
   9.3595278e+01   3.2697358e+01
   9.3623734e+01   3.2720974e+01
   9.3706728e+01   3.2678965e+01
   9.3810647e+01   3.2783105e+01
   9.3866850e+01   3.2863928e+01
   9.3955663e+01   3.2910926e+01
   9.4036944e+01   3.2994667e+01
   9.4056799e+01   3.2990682e+01
   9.4078199e+01   3.2969136e+01
   9.4182490e+01   3.2997419e+01
   9.4208069e+01   3.3003280e+01
   9.4282868e+01   3.2968775e+01
   9.4325984e+01   3.3001646e+01
   9.4411724e+01   3.3027589e+01
   9.4416209e+01   3.2971257e+01
   9.4500896e+01   3.3046108e+01
   9.4536408e+01   3.3069148e+01
   9.4630962e+01   3.3116061e+01
   9.4654305e+01   3.3170069e+01
   9.4730288e+01   3.3136490e+01
   9.4802414e+01   3.3187615e+01
   9.4862768e+01   3.3205848e+01
   9.4884201e+01   3.3257572e+01
   9.4967999e+01   3.3279723e+01
   9.4968168e+01   3.3234562e+01
   9.5052635e+01   3.3262701e+01
   9.5065363e+01   3.3224791e+01
   9.5153305e+01   3.3341101e+01
   9.5170786e+01   3.3346078e+01
   9.5301181e+01   3.3300788e+01
   9.5316232e+01   3.3283580e+01
   9.5340049e+01   3.3287026e+01
   9.5366161e+01   3.3292352e+01
   9.5500091e+01   3.3376388e+01
   9.5613594e+01   3.3384840e+01
   9.5639016e+01   3.3385128e+01
   9.5676812e+01   3.3383402e+01
   9.5752755e+01   3.3420687e+01
   9.5866031e+01   3.3435197e+01
   9.5862167e+01   3.3417452e+01
   9.5873790e+01   3.3412368e+01
   9.5980602e+01   3.3427402e+01
   9.6009783e+01   3.3439795e+01
   9.6164693e+01   3.3535728e+01
   9.6211885e+01   3.3594904e+01
   9.6288627e+01   3.3628757e+01
   9.6312609e+01   3.3639414e+01
   9.6377963e+01   3.3644380e+01
   9.6435826e+01   3.3664664e+01
   9.6450532e+01   3.3669874e+01
   9.6504033e+01   3.3697855e+01
   9.6513958e+01   3.3692805e+01
   9.6525622e+01   3.3690110e+01
   9.6559242e+01   3.3702000e+01
   9.6535834e+01   3.3702000e+01
   9.6564012e+01   3.3702000e+01
   9.6566888e+01   3.3702000e+01
   9.6568581e+01   3.3702000e+01
   9.6567272e+01   3.3702000e+01
   9.6567570e+01   3.3702000e+01
   9.6567750e+01   3.3702000e+01
   9.6567502e+01   3.3702000e+01
   9.6600000e+01   3.3669499e+01
   9.6600000e+01   3.3668984e+01
   9.6600000e+01   3.3668933e+01
   9.6632673e+01   3.3635963e+01
   9.6632945e+01   3.3635673e+01
   9.6633018e+01   3.3635624e+01
   9.6633137e+01   3.3635509e+01
   9.6633166e+01   3.3635494e+01
   9.6633189e+01   3.3635480e+01
   9.6633306e+01   3.3635358e+01
   9.6666720e+01   3.3602000e+01
   9.6666763e+01   3.3602000e+01
   9.6666847e+01   3.3602000e+01
   9.6666825e+01   3.3602000e+01
   9.6666892e+01   3.3602000e+01
   9.6667003e+01   3.3602000e+01
   9.6667059e+01   3.3602000e+01
   9.6667059e+01   3.3602000e+01
   9.6667266e+01   3.3602000e+01
   9.6667495e+01   3.3602000e+01
   9.6667395e+01   3.3602000e+01
   9.6667422e+01   3.3602000e+01
   9.6694479e+01   3.3597778e+01
   9.6694474e+01   3.3597774e+01
   9.6694468e+01   3.3597770e+01
   9.6694463e+01   3.3597766e+01
   9.6694458e+01   3.3597762e+01
   9.6694453e+01   3.3597758e+01
   9.6694448e+01   3.3597755e+01
   9.6864502e+01   3.3569100e+01
   9.6865318e+01   3.3568936e+01
   9.7030864e+01   3.3535827e+01
   9.7031619e+01   3.3535676e+01
   9.7032310e+01   3.3535538e+01
   9.7032944e+01   3.3535411e+01
   9.7033524e+01   3.3535295e+01
   9.7034056e+01   3.3535189e+01
   9.7200000e+01   3.3502000e+01
   9.7200000e+01   3.3502000e+01
   9.7200000e+01   3.3502000e+01
   9.7200000e+01   3.3502000e+01
   9.7200000e+01   3.3502000e+01
   9.7200000e+01   3.3502000e+01
   9.7200000e+01   3.3502000e+01
   9.7200000e+01   3.3502000e+01
   9.7200000e+01   3.3502000e+01
   9.7200000e+01   3.3502000e+01
   9.7200000e+01   3.3502000e+01
   9.7200000e+01   3.3502000e+01
   9.7200000e+01   3.3502000e+01
   9.7200000e+01   3.3502000e+01
   9.7200000e+01   3.3502000e+01
   9.7200000e+01   3.3502000e+01
   9.7200000e+01   3.3502000e+01
   9.7200000e+01   3.3502000e+01
   9.7200000e+01   3.3502000e+01
   9.7200000e+01   3.3502000e+01
   9.7200000e+01   3.3502000e+01
   9.7200000e+01   3.3502000e+01
   9.7200000e+01   3.3502000e+01
   9.7200000e+01   3.3502000e+01
   9.7200000e+01   3.3502000e+01
   9.7200000e+01   3.3502000e+01
   9.7200000e+01   3.3502000e+01
   9.7200000e+01   3.3502000e+01
   9.7200000e+01   3.3502000e+01
   9.7200000e+01   3.3502000e+01
   9.7200000e+01   3.3502000e+01
   9.7200000e+01   3.3502000e+01
   9.7200000e+01   3.3502000e+01
   9.7200000e+01   3.3502000e+01
   9.7200000e+01   3.3502000e+01
   9.7200000e+01   3.3502000e+01
   9.7200000e+01   3.3502000e+01
   9.7200000e+01   3.3502000e+01
   9.7200000e+01   3.3502000e+01
   9.7200000e+01   3.3502000e+01
   9.7200000e+01   3.3502000e+01
   9.7200000e+01   3.3502000e+01
   9.7200000e+01   3.3502000e+01
   9.7200000e+01   3.3502000e+01
   9.7200000e+01   3.3502000e+01
   9.7200000e+01   3.3502000e+01
   9.7200000e+01   3.3502000e+01
   9.7200000e+01   3.3502000e+01
   9.7200000e+01   3.3502000e+01
   9.7200000e+01   3.3502000e+01
   9.7200000e+01   3.3502000e+01
   9.7200000e+01   3.3502000e+01
   9.7200000e+01   3.3502000e+01
   9.7200000e+01   3.3502000e+01
   9.7200000e+01   3.3502000e+01
   9.7200000e+01   3.3502000e+01
   9.7200000e+01   3.3502000e+01
   9.7200000e+01   3.3502000e+01
   9.7200000e+01   3.3502000e+01
   9.7200000e+01   3.3502000e+01
   9.7200000e+01   3.3502000e+01
   9.7200000e+01   3.3502000e+01
   9.7200000e+01   3.3502000e+01
   9.7200000e+01   3.3502000e+01
   9.7200000e+01   3.3502000e+01
   9.7200000e+01   3.3502000e+01
   9.7200000e+01   3.3502000e+01
   9.7200000e+01   3.3502000e+01
   9.7200000e+01   3.3502000e+01
   9.7200000e+01   3.3502000e+01
   9.7200000e+01   3.3502000e+01
   9.7200000e+01   3.3502000e+01
   9.7200000e+01   3.3502000e+01
   9.7200000e+01   3.3502000e+01
   9.7200000e+01   3.3502000e+01
   9.7200000e+01   3.3502000e+01
   9.7200000e+01   3.3502000e+01
   9.7200000e+01   3.3502000e+01
   9.7200000e+01   3.3502000e+01
   9.7200000e+01   3.3502000e+01
   9.7200000e+01   3.3502000e+01
   9.7200000e+01   3.3502000e+01
   9.7200000e+01   3.3502000e+01
   9.7200000e+01   3.3502000e+01
   9.7200000e+01   3.3502000e+01
   9.7200000e+01   3.3502000e+01
   9.7200000e+01   3.3502000e+01
   9.7200000e+01   3.3502000e+01
   9.7200000e+01   3.3502000e+01
   9.7200000e+01   3.3502000e+01
   9.7200000e+01   3.3502000e+01
   9.7200000e+01   3.3502000e+01
