405 2
404 3
404 4
404 5
404 6
404 7
403 8
403 9
402 10
401 11
400 12
400 13
399 14
398 15
398 16
396 17
395 18
394 19
395 20
393 21
392 22
391 23
391 24
392 25
389 26
388 27
387 28
386 29
386 30
385 31
387 32
384 33
381 34
378 35
375 36
372 37
371 38
370 39
369 40
368 41
367 42
366 43
365 44
363 45
362 46
361 47
360 48
359 49
359 50
358 51
358 52
356 53
353 54
350 55
347 56
345 57
344 58
342 59
341 60
340 61
339 62
338 63
337 64
336 65
334 66
334 67
332 68
331 69
330 70
330 71
330 72
330 73
328 74
328 75
326 76
325 77
325 78
325 79
325 80
324 81
323 82
321 83
322 84
321 85
322 86
320 87
320 88
317 89
316 90
315 91
315 92
314 93
315 94
316 95
313 96
313 97
315 98
312 99
315 100
316 101
320 102
320 103
320 104
318 105
317 106
317 107
316 108
316 109
313 110
310 111
310 112
309 113
309 114
307 115
307 116
304 117
303 118
302 119
299 120
300 121
298 122
299 123
299 124
299 125
298 126
295 127
297 128
294 129
293 130
292 131
292 132
291 133
290 134
289 135
288 136
288 137
290 138
287 139
286 140
285 141
286 142
285 143
285 144
283 145
284 146
284 147
284 148
283 149
282 150
279 151
276 152
273 153
273 154
273 155
272 156
272 157
272 158
269 159
266 160
265 161
263 162
260 163
259 164
259 165
259 166
259 167
258 168
259 169
258 170
255 171
254 172
254 173
254 174
252 175
252 176
251 177
251 178
250 179
250 180
249 181
248 182
248 183
248 184
248 185
249 186
249 187
250 188
253 189
253 190
253 191
253 192
252 193
253 194
252 195
254 196
252 197
253 198
251 199
251 200
251 201
250 202
250 203
249 204
250 205
248 206
248 207
248 208
248 209
248 210
248 211
248 212
248 213
248 214
248 215
248 216
248 217
249 218
249 219
249 220
248 221
246 222
248 223
248 223
248 223
249 225
250 227
251 228
252 230
253 233
254 237
255 235
256 236
257 239
258 242
259 243
260 243
261 244
262 244
263 245
264 245
265 246
266 245
267 246
268 248
269 246
270 248
271 247
272 244
273 245
274 245
275 245
276 245
277 245
278 244
279 244
280 244
281 244
282 244
283 244
284 244
285 243
286 243
287 243
288 243
289 244
290 244
291 244
292 244
293 243
294 242
295 242
296 241
297 240
298 239
299 239
300 239
301 239
302 239
303 239
304 237
305 237
306 237
307 238
308 238
309 238
310 238
311 238
312 238
313 237
314 238
315 237
316 237
317 238
318 238
319 238
320 239
321 240
321 240
321 237
325 238
329 239
333 240
337 241
339 242
343 243
343 244
342 245
342 246
343 247
344 248
347 249
345 250
345 251
346 252
348 253
347 254
347 255
347 256
347 257
346 258
345 259
346 260
345 261
345 262
345 263
346 264
345 265
345 266
345 267
345 268
343 269
343 270
343 271
341 272
341 273
340 274
339 275
341 276
341 277
345 278
345 279
345 280
345 281
345 282
345 283
345 284
345 285
342 286
343 287
343 288
341 289
344 290
343 291
345 292
345 293
345 294
346 295
344 296
346 297
345 298
344 299
344 300
346 301
346 301
348 301
349 299
350 300
351 301
352 301
353 298
354 297
355 295
356 294
357 293
358 290
359 287
360 286
361 286
362 286
363 287
364 285
365 285
366 283
367 281
368 279
369 279
370 278
371 277
372 277
373 278
374 276
375 275
376 275
377 275
378 275
379 274
380 275
381 274
382 273
383 273
384 272
385 272
386 272
387 271
388 271
389 270
390 270
391 269
392 268
393 268
394 268
395 268
396 267
397 268
398 267
399 266
400 267
401 265
402 265
403 266
404 264
405 264
406 265
407 265
408 265
409 264
410 265
411 265
412 265
413 265
414 264
415 264
415 264
415 264
416 263
417 263
418 263
419 263
420 263
421 262
422 263
423 262
424 261
425 261
426 261
427 261
428 261
429 261
430 261
431 261
432 261
433 261
434 261
435 261
436 261
437 261
438 261
439 261
440 261
441 261
442 261
443 261
444 261
445 261
446 261
447 261
448 262
449 262
450 262
451 262
452 262
453 262
454 262
455 261
456 261
457 261
458 262
459 261
460 261
461 261
462 260
463 260
464 260
465 259
466 258
467 258
468 258
469 256
470 257
471 257
472 255
473 255
474 255
475 254
476 255
477 252
478 248
479 246
480 246
481 247
482 246
483 245
484 245
485 243
486 243
487 243
488 241
489 239
490 239
491 241
492 240
493 238
494 237
495 236
496 238
497 236
498 234
499 233
500 233
501 233
502 230
503 231
504 231
505 231
506 230
507 232
508 230
509 229
510 228
511 229
512 225
513 221
514 219
515 215
516 215
517 216
518 215
519 215
520 215
521 214
522 214
523 215
524 212
525 211
526 210
527 208
528 208
529 206
530 205
531 204
532 203
533 204
534 204
535 204
536 202
537 202
538 202
539 203
540 203
541 203
542 199
543 198
544 198
545 198
546 196
547 194
548 195
549 195
550 195
551 194
552 190
553 186
554 184
555 183
556 182
557 182
558 181
559 179
560 179
561 178
562 177
563 174
564 173
565 174
566 174
567 171
568 170
569 169
570 167
571 170
572 170
573 168
574 168
575 168
576 166
577 165
578 163
579 161
580 161
581 162
582 161
583 161
584 159
585 159
586 160
587 160
588 159
589 162
590 165
591 163
592 163
593 166
594 166
595 166
596 166
597 167
598 168
599 168
600 169
601 169
602 169
603 169
604 169
605 169
606 169
607 169
608 169
609 169
610 169
611 169
612 169
613 169
614 169
615 169
616 169
617 169
618 169
619 169
620 169
621 169
622 169
623 168
624 168
625 168
626 168
627 168
628 168
629 168
630 168
631 168
632 168
633 168
634 168
635 168
636 168
637 168
638 168
639 168
640 168
641 168
642 168
643 168
644 168
645 168
646 167
647 166
648 165
649 165
650 165
651 164
652 163
653 162
654 161
655 161
656 161
657 161
658 161
659 162
660 162
661 162
662 162
663 161
664 160
665 159
666 159
667 158
668 157
669 157
670 157
671 156
672 156
673 156
674 156
675 155
676 155
677 155
678 155
679 155
680 154
681 153
682 152
683 151
684 151
685 150
686 148
687 148
688 147
689 146
690 146
691 145
692 144
693 144
694 144
695 143
696 143
697 142
698 141
699 141
